1291543
1862151
1828115
1961963
1291550
1859036
1291858
2135981
1297747
1307694
3313801
3041806
1307023
1301168
3734112
1394968
1308857
1499008
1937502
2124703
26694491
1296520
1424748
1306465
1438708
3546035
1888671
3136488
1299910
1424582
1940459
26383524
3724056
2038365
1830531
2241547
3420455
5366657
1483630
1433417
2277019
1823357
1449620
1308973
1938260
1298183
1396313
1464548
1463961
2972591
3025814
3999737
6814739
1304489
3032912
26594000
3737117
4006302
4146683
1432013
1830194
2270501
2080707
26593970
4011203
2033543
1756057
2080130
2347259
3011906
1479807
1329938
2148778
19965273
4074201
1389891
2347264
1532596
2347265
1873751
2224990
19965275
2347262
26593965
1875315
3114111
2341707
1456391
1476912
26593969
19965277
2347261
1303434
1875319
6101655
26593967
1875321
4820432
2256043
19965280
19965270
24748716
1770153
1308264
1473215
1768139
1440888
1765609
3123920
3024072
4724729
2286009
1466731
3532446
1855944
2347263
2348509
26593959
3290451
26593962
2153324
3231724
1761542
3060559
19965278
19965271
19965269
2326694
1305108
2347260
1422931
2347266
26593961
2361040
6814756
1422040
19965274
19965276
1459399
2342678
3737279
1863369
1307423
6814753
19965279
19965272
19965266
1947335
1306346
26593957
3534086
2260821
4258506
4827535
1422907
4160514
1478936
4728508
1790366
2297032
1830457
1404431
2130046
4925444
3010415
34810396
2029103
3243634
4323652
2037434
4833563
2006926
3113759
3647073
3063002
3241969
2130011
2270516
5155783
2240631
2214084
10726974
2224967
1309002
3609154
3193264
1418292
2061093
1872853
6814761
3406513
3724045
1302453
3123961
1464134
3001812
1484665
3538072
2567996
3025228
1464141
3241971
1451413
3320151
3328336
1325835
1417867
2053661
1440095
1300389
3115176
1795037
1875312
2271598
26729320
1467739
4845397
2265701
10733572
1776198
1762478
1857405
3055447
1455221
1306631
1769236
3145148
1866477
2144584
2271607
1422970
5313388
2990305
3168596
3236093
3241972
3241966
2373346
3241968
1771813
1306996
1947332
3278829
3239703
3062740
3999778
3141456
2279586
1827826
3539855
3087564
6813480
3804388
1859112
3037321
2020975
2153266
5355159
3134148
2305539
1308395
1864241
1308225
2271636
1461181
3194152
3286474
4291248
2006169
1476255
1308862
2052540
2371909
4116995
5401685
1438683
3091050
2299371
2244784
1298362
2259727
2056871
3131867
1808161
1986783
1999674
3194101
5256306
2214141
2244793
2343723
4194287
1298333
3757262
3632541
3016627
2311208
1762077
2377247
3032884
3241970
2568047
1867014
2295884
1306724
1763015
1401871
3240849
2373282
3239695
3278830
3126098
2263236
3546155
3087507
1950530
2053618
2135982
4051856
1875320
3737287
1427354
1477865
1421779
3010219
3003092
3278828
1432016
1937203
2244756
3445524
1937214
1870452
2995064
2326219
3707094
3804402
3278827
2208883
2130006
3434519
1483000
4073876
1916704
2279820
1926445
2993102
2061096
3092178
3240885
4746544
3713408
2330661
3304011
3742094
3400766
1958701
3278775
1920116
3629261
1970594
3861761
3148548
3189967
3070654
10806276
3158751
26696190
26696193
26696194
26696195
26696192
26696196
3332538
26696198
3778244
26696199
26696197
3123957
4896324
24748578
1875314
30335299
10590700
6814755
26363039
7053693
34930796
3739987
2279570
1424212
3126143
4074143
3012368
4886317
4843007
3240869
4915536
3794428
5915781
2295880
1484900
1302254
19967723
4207098
1443607
26729321
2988845
3071242
3703213
5407082
5446203
2135596
1779002
1806298
2303778
2380928
3681717
3111395
1302909
4078939
1432147
4034059
1441117
5374380
4685427
5296298
3224493
6312210
2052182
1437368
4139924
1434313
3075903
2311138
3010182
1484668
3732223
4889473
3032468
3735841
2365064
2327490
1484670
3136465
21354057
4896299
2153250
2153322
1475409
3757363
3732745
3711372
2029107
3332640
10566611
2287860
2992769
1477536
3271274
3557515
2378690
2972499
4707562
3431869
6514142
1484672
4745888
1776268
4307352
5353342
3768186
1460946
1814143
3426721
1461180
3765820
2245186
3543910
5045800
4111522
4067758
3172056
3763247
3988912
2997471
3737284
3732579
3120340
3892436
2279729
4065330
6507985
3608991
1421619
4200160
1946303
3804432
3168519
2282509
6038021
3240876
2357394
1875318
2148627
5341833
3242737
2342688
3250372
3732860
2158656
6814775
5341829
2338323
1963568
1980643
5343605
3070711
4265404
2255998
1804442
3793595
5351249
2381847
3566549
2049351
5341830
5341828
1867822
1532221
1892823
1300668
5341827
3131593
2284340
1924742
3087437
5341832
3737290
2053668
1915339
4116400
3406923
2224820
4732905
1789720
2330215
5341831
3757368
3115170
2256038
3899166
5958613
3032451
1937818
3178800
2277010
2124750
6900124
1474749
4603516
2080503
2296048
2137020
4914648
3264139
5341808
5373715
20438606
2993075
4312209
1469711
4022010
3633823
6813488
2342532
25866283
10740242
5308217
26614156
2297114
3134140
25966019
25966016
25963266
3142772
25967446
25963384
3176313
2994956
25961768
25963267
25961769
2020641
25803256
4207097
3254257
25981824
3732827
25803262
4894049
26253626
3438449
5975466
3142716
2326525
10535442
3813932
4043830
3716032
2300594
6844906
3603785
26289461
5374377
6745759
6147179
26582746
25803260
3286457
4195662
4305993
10796581
2997468
3665268
10561877
5397536
26989675
3649539
26306635
10763894
26306801
24698630
4116982
4812786
25697391
4881631
25714216
26771108
20391195
26877368
4006320
4683521
26582776
26310102
26310095
26963683
27062666
10788790
26306820
4006316
34875547
5323186
3339332
24383451
10543688
26377629
5268623
4917701
4922825
33436884
19997825
3539904
33401253
25955549
2140351
33400406
26329431
26140382
26375610
34464374
34605068
26994775
26340324
25735898
25748369
26947889
26997104
26384052
26148840
30200496
30354957
30259878
26378617
26375678
34925653
26356130
26363042
4306001
2995169
4022125
3118101
5031972
4074043
3999733
2282452
3780321
1892580
4112897
1812751
4241917
4707582
3629215
4016562
3101922
2330188
2079523
3204284
1810463
4843005
3543938
1900206
3128196
3196905
4845413
3586703
21338703
2295890
4913219
2343543
3272746
1899783
2246605
3732460
2295879
3100920
3642289
2370191
3095381
2080558
1474731
4097165
3814102
6067748
3008807
3092250
1812767
2297136
4837013
2357389
2391990
4730349
2347357
4207074
3992617
2299712
2230857
2129533
1812762
3332463
1878148
2136998
2373360
10727340
2224988
4116946
2056857
3773980
3765845
3632538
3838101
2032270
1790609
1394530
1754626
3402980
3732742
2145981
2295885
1451361
4841250
2228236
3753189
4135721
3278811
1483949
1776262
1300168
1416860
3804385
2369933
3206353
3711853
3861839
3260483
3118937
1484666
3888379
3838181
2993089
2256031
3024212
3681712
4258502
3636328
2262318
3703215
2340989
3445520
2020594
3272185
4160433
5256423
1986030
4016535
1940599
3993255
2333648
1938238
2343632
3566498
3732712
3094416
2240713
2279746
3244744
5975183
3151757
3605468
1776267
3131774
1482347
3756707
4820058
4073755
4103041
3271442
3126103
3804868
3732631
3793066
1972306
3147526
1951127
3337829
3924502
1946960
3732694
2997437
2071035
2371890
2372013
11614266
2052203
1794799
2241532
3286390
3724121
1484664
3792770
2061100
4172624
3143630
1966764
2357298
4849954
2003170
4160434
3142736
3243633
2162972
3696538
6307282
3190134
6083104
2079668
3145124
1309105
4102928
4086809
3774066
4817022
2071033
4717989
4043775
3660860
2382851
2264018
3732845
2328818
2153251
1308465
1433110
3286473
2287885
1872682
1464676
4820089
1482825
19975112
3032546
3681595
3264739
3636300
1753552
3814435
4735148
3993454
3260389
2228251
3736644
3647125
3670477
1417869
2208865
6080849
3360745
2296017
4030385
2144430
3714078
4135765
3145123
5387024
4728557
6781985
3131770
6023511
3120903
25711934
3008826
2129402
3178724
1786530
3732177
5364970
3113420
3780328
3778393
2065854
1874153
4111514
2993086
1950190
3221902
1296258
3048146
3190094
4022143
3162376
6814917
3558647
3126101
3092257
4166383
2347361
2997406
5951227
3286475
2173231
4837015
2080518
4074265
1791662
2377147
3836725
3647124
3222874
5320238
2415779
4286644
4122197
2061089
3204401
1304539
2121785
4896301
2224973
4246118
3227276
3189968
4063060
3081273
4764290
4821028
2381948
3126195
1938034
6080857
2252751
3732806
1998152
4030441
4275583
4074303
3598368
4160525
6814785
3794454
3707687
2157208
4903546
6534071
3824679
2228239
1926018
1305992
3926684
3092182
2271671
3017442
25784310
3226647
1819882
1980099
4009336
1966919
1963133
3324092
2009887
4006595
3027052
6094928
3017886
1761827
1986787
3558658
3732822
2230757
3400594
4172589
3114904
3403153
1894659
3120911
1925958
1485420
4179061
4262168
1771343
1949602
19965289
2274465
3206457
3101905
3332537
4122102
3992288
3768032
1763853
24153499
3768150
3542373
4886309
3686024
2978549
2326685
3284264
3223635
1949633
3838059
3055181
2079675
4845426
3324203
3286450
4323356
3120334
1926492
3742093
3531091
4078680
4074210
6062730
2056737
1827046
3229450
3546053
1476925
3168505
4262297
2297036
5954044
4111517
3120342
4917707
3406827
3118221
3115177
1875466
3992458
3324093
3044784
4906229
2342722
3113754
1474733
2340962
4858756
3332536
2993098
3711650
3348755
1480325
3993603
4802995
26985963
4160439
2182604
4281598
1480012
25760407
2371959
3221807
4718275
3804867
26843165
3688356
4930395
1304147
20378825
3609072
4217234
3003225
4082126
19897550
20411178
4082424
21319124
4073751
3240851
3618292
2228234
3332535
3272188
6101709
6710814
25963383
2286131
3861849
3530968
25956456
4888235
3113756
11504600
3918500
5937971
4160431
4006287
3168809
3434505
5969159
1931750
3142769
6023648
26720505
6521844
6048727
4681281
1481312
10777698
4016499
4228552
2224986
6721655
30183440
5364991
6814758
2297028
4176639
4038304
3403137
2279617
26946280
3074720
4176650
6814754
3660890
4082429
3035328
3737101
1941635
2124709
3196779
2080428
4195654
6439462
3271439
2287333
4306013
3197031
4262308
2983277
5359994
25889482
3992216
25802437
1831580
4207047
4074172
6710812
3629227
7175181
3035274
2228245
6037998
2159700
3190153
3012730
1946227
4780597
4160427
4058770
3574520
4160438
2267156
3574573
3531005
3175613
4207652
3711713
25773296
3320130
4228554
30292837
26375680
2224980
3175608
2155191
4097176
2983456
5985896
3327627
3330069
3033753
6003241
3257988
1662491
2368674
3609116
3999730
3332462
4073859
3820188
30164715
26581113
2995901
3010221
4122151
6058683
5908513
4780580
4275503
25853715
3735902
5382882
3924476
4202547
1794976
26654193
3115205
3339196
3226568
3334061
3757263
7051250
2279571
2330076
27202997
10877449
1864554
26356123
4833581
5332636
4122203
3808976
1804511
6730006
6539449
6727312
5288848
4305942
4316863
4207026
4166491
4006280
3696541
3546037
4038327
4111320
3753159
3618317
3057378
24852535
5501709
3218559
1464621
2357401
5908520
4185787
26387698
25747107
5339138
6814782
4009342
3543927
3003529
4718273
2259819
5298980
4858748
3110661
2228243
5401718
5285688
4899572
2300219
4258472
2914489
2348498
2224944
6003085
3531025
3240853
5399952
6118756
5318664
4137637
6813461
3670451
3530961
3271276
3044801
24878114
6813469
4043818
3426724
3993640
6755894
22278283
1827001
4922858
30292839
3603724
5326517
3716287
4185705
26384826
5403971
4149243
2153256
3047990
5308297
4731066
4751487
4735162
3426849
5377146
3210960
2297043
10576532
4967628
4238919
4202098
3603798
6383532
4102964
4223419
4160508
5326538
3406834
2224950
4928743
2147569
6523346
4735158
2270473
6101711
4230893
3604164
6814789
6813495
26715674
5361565
5919640
4238947
4073770
3032457
1787725
1764851
6147236
3065580
1821466
10455678
3167339
5268622
20376712
5353584
6814762
4316829
20280165
4189353
3696536
4189351
3114225
3530919
3032459
2988967
6858728
3268467
3037340
2240718
6062743
1464626
6835305
4820064
3098836
11612485
4306006
10344741
6710815
3711703
21266941
4000006
4228551
3993757
3678351
3818838
6813453
4023693
4820072
3804386
4735133
26734695
20389737
2109443
4830897
3178799
1793714
11614319
6118289
26302527
10531275
25958425
4166493
4006326
6814733
6507988
4207638
3778247
3348510
3035329
3001480
4166513
3223663
5296304
3193265
6902355
4316617
5031702
7053732
5915750
4287507
1789710
2068492
26303355
6874734
20284938
6518737
10531225
2157284
3065898
3765824
3273496
4899531
6814776
4858770
27034551
3273447
3175607
3733896
3074564
3619085
6558805
21829562
10800163
3221750
1917643
6147251
1777061
1996423
5968829
4139908
21319316
6727349
4074145
4275585
5353354
3190104
3065469
3542418
3286406
2378741
2347472
2277007
10561875
2297130
5341825
24867871
4207040
3113753
1807375
4892078
25803255
10796680
10531251
26961120
3008814
1987221
4728845
4124572
4117438
6814768
4849947
20435047
2311057
3811338
6738742
3711698
2305353
26918552
2988876
26582721
4102991
3904353
26281389
25824833
3992392
3190108
26951933
2923740
20399203
4207610
4901674
5256477
21266943
3720920
4603400
4262299
5318646
5288873
24886501
4843010
3091051
2347405
3190024
2224987
27037064
4088866
4073870
2143808
26369459
4111429
2068133
25803263
24849604
4306054
3711694
3098960
3118929
26577920
20016145
27135417
19971596
5360019
5250319
5349370
6507980
4038311
6788336
10527223
3586659
3926131
3642281
3023509
26372917
4851893
4038344
25782669
4307322
2997416
24845113
3292756
5279628
10736401
1773600
6814790
6710800
6814781
6814766
4316820
3737285
6814743
6814727
4074271
3820038
6813471
6813465
10759914
19966504
5364972
5316742
3032472
24700904
5423515
4262226
3178771
4051862
2333623
24535176
11625420
3055414
19951165
5382883
4219769
3792944
3012335
10736426
10549283
6714085
30269016
26794435
30166972
26752088
26266893
32659890
30295905
33417046
26698897
30163509
27605698
3742360
33436135
26861685
26363254
25964071
27110296
26985127
26311973
25921812
26862829
3168101
27038183
19944106
30176393
25986662
10574622
26425063
6874741
3231742
30331149
5350027
25815034
30221757
30394535
25827935
30299311
34460763
30282387
26862259
26709258
24751756
27133303
26366496
30413052
3097572
26925317
5045678
26575103
25723907
30122633
27668250
4237879
27663742
26277313
26662193
25716096
26683723
26280528
11529526
23761370
25717233
26926321
27092785
4840388
5308265
25805741
30235440
25870084
26715636
4864908
30377703
24719063
26336252
3649049
26289144
25710912
3077412
26394152
26606743
10574468
27087724
30196805
27074316
26654146
1578714
27102569
25798222
26816383
30171425
24753810
4873490
25745752
25884801
30423193
27109633
11589036
20376577
26790961
24879858
25824686
25895276
26786669
3596502
24852545
26647117
25662327
25779218
24847343
10440138
6973376
26816076
3804891
33400376
25882296
24847340
26425068
3792799
27180759
26816090
30362186
3821067
26035290
27191431
10831445
26774033
26322792
26313973
26290365
7054604
26266919
27140071
27202819
25779217
4212172
26728669
26270502
24743711
26774722
30175306
24721493
26021055
25917973
20435622
10727641
25798448
24843198
26290642
26966580
26334559
10605978
26426194
26698000
10807909
26797419
27073057
25983044
24875534
26644002
26182910
27615233
11598977
26811587
24745500
25801066
25829175
26336253
26309788
6982558
30317706
26290367
30263995
30146756
24735062
25823277
6011806
25849006
26639958
26630781
25858785
24716039
20513061
20378811
26762744
26633257
26331839
6124012
10604486
26606242
26994789
10537853
10604892
19973815
25835293
3993588
30390144
16475702
27172891
25926267
26279433
25792690
10726941
26304201
6080775
10833923
4176542
25747204
5422105
25823833
25755645
26140241
10344754
6872273
5194471
25955779
26354526
4097023
5317291
25911595
26929010
4822848
10604893
26760160
3530403
10545939
25444447
25834473
25908042
24751757
25858758
26773744
25838463
26274910
26389069
20388223
26351812
20020577
26857793
26899146
4066206
26775933
25709273
25746375
11627068
25713408
3820191
3279107
25945280
30259043
30376977
26753020
3546019
24743712
5364905
26744597
26717795
4843637
26868553
24695277
25809384
26284595
3928370
3754946
25857966
27201353
20444530
25777330
3711760
4154669
27069427
6041191
2303845
26818314
27039069
25785314
3078390
10807916
27179414
21359619
25713420
5290729
26125779
23856234
26311974
26905469
10833924
21350556
4707230
26729868
6878446
26796664
26985857
26935296
6730004
26564988
3813779
26337866
4926002
26662192
24827387
10438426
30293828
26314816
27135473
26607739
21941770
25956520
25805054
26289138
6991110
3804746
4323732
10831449
26757373
26754831
25856453
26995137
26827040
26850326
26662798
26616690
10467774
5996800
6984064
5993138
4718369
4059245
26415200
26425072
25881780
26603666
26309969
26106958
26898747
4942776
25831308
11501396
4004731
7003416
20388198
4896263
27073179
26651353
26711487
26416155
25880244
5993185
4735944
6973460
27053945
26279120
25757187
26351867
4133988
30352998
7155083
26219893
26299410
26235349
30217371
26661189
24718797
26787124
26698301
10573695
4913200
25827741
10810745
5977836
30184555
25850122
26277156
4133814
10540066
26650037
26316956
25951736
6782006
30481973
25845910
26652816
26012321
26426026
26389466
4202204
30159456
30246061
25824741
6721670
11443316
27604296
24875658
26323026
25811357
25870236
34786971
26348414
25876760
6738760
7564989
26382962
4078562
27200988
5446197
4858775
5996799
26754643
25778488
26351526
4728584
25856480
25300674
26890502
26309968
26806316
11502154
6759229
26924141
30207949
6957273
27002371
30479973
34454654
26831711
6068516
25780584
6083109
26607969
6984061
20395646
4946963
26309965
3681613
6788265
20515070
26815856
25832758
30206431
6538807
26352440
4134631
26219713
5256418
27008394
26263417
21359690
6041199
5318669
3874981
4082544
27199913
26611083
24888079
30168032
26820833
26425088
30337935
4843641
25881781
27102739
5250583
4173583
34446715
10549223
6714088
25849599
26704137
4707585
26385746
30425874
26220725
26330955
6062731
26574965
25728590
30181130
26747274
26365631
24751765
6717575
10569022
26761334
7056398
26944076
26011893
6873331
26752106
27114911
20514902
5044737
26957500
10604087
19976058
4824982
26323782
27148198
5294324
4154632
26611458
30295908
26869052
4100696
26959223
10600271
19967839
6781971
25975323
5919333
27077266
26696871
25830800
26820836
26382888
26771100
34430056
26263437
6557144
30345846
26746958
6041200
3792787
24736526
10736586
25903033
26433966
30357885
27024924
6963575
6436763
26818312
24751764
10508901
4118060
25742242
26816372
26796665
6078003
24758396
26282530
26724807
5044739
7062596
6225992
10453730
26729533
6855094
21355933
5319819
7051294
26292682
26873799
26695145
6531251
26954268
26705107
25715111
26352435
25713336
24743709
30387441
26253616
25746414
26646649
6037977
26887890
5948613
4291275
23774869
20471876
6425116
27079318
27021609
24284209
20472857
20378794
24859034
26290390
34926135
11625312
4078592
27063335
10833971
25928069
6880590
26838466
26685413
27595272
26961002
27170563
4711195
20451471
11594933
25907004
20473370
26864182
6799156
25841341
26661183
26677981
26774772
30359003
25881611
26331700
4842877
20254219
27091353
20277285
10781952
30439557
4217526
19963896
25945350
30299099
26803711
26860031
25820616
26671361
10586620
6793319
4825006
26887153
24873473
26163541
4284085
6147308
30276726
3993553
20515018
5366708
26050200
20253940
25899616
27101874
4883425
25749813
4111416
25845294
25918677
25865831
26220735
26971645
30299357
30167129
5320233
21724200
10833919
6971017
27016152
30219680
6778650
6080772
4173292
24826968
4275502
11537965
30327768
26811605
6890469
30466833
30273088
26909423
27098659
5446226
4271832
6722888
21618782
20433139
26850330
26921827
30206517
25727544
30416337
24753687
10604851
27069788
4051608
21943062
10617168
26279449
26757951
30447451
30466832
3993708
19994974
26996783
27059170
25743833
27056299
34913610
6861573
1389915
30466831
25889476
4307000
34801084
4824223
26868408
25708452
26745334
5337532
27062994
26586806
30197911
27602185
6753096
25715087
25869868
11615929
26430195
26857654
30306436
25863024
27041519
30242136
21354060
26597953
25845586
25830802
26956641
34900792
26801782
4881121
25918676
25861610
27073079
4202326
4707237
10617163
25743807
25918597
10748193
20645019
26954859
26310141
3324399
24752702
27132180
5975197
20369263
25725249
4707209
25824852
19975090
20279749
4166487
7053739
19977815
22232939
30338506
10581450
3632506
10827168
10740243
34937798
4821015
26959074
5282454
34930756
26921076
26730129
4822845
33479277
25907086
33391824
32491917
34868147
26290398
4910183
6855108
30290776
26253783
26782656
26916202
26588783
4728518
26882327
26253737
10574621
26841075
5045804
24751825
25858760
33381471
11600140
6519575
3114200
6890737
6309365
10487240
26301735
25728734
26352361
26961216
5343629
6527170
26792822
26318896
22300822
26280556
5044748
25816182
26738204
34929846
26304268
30188193
26362770
25899690
26767512
27603669
26951953
4894072
4323691
27624662
6560928
19962568
26594013
26839582
4894075
26415327
3324130
4922789
30190607
25958914
26673947
4865341
26798463
22965771
6013880
6849071
26986005
26798038
34822676
26177735
20443571
30323188
23774847
26280561
10554941
26696875
10508879
23249761
4728507
26219651
26961684
27045442
25766532
34839360
11632586
3562446
26582787
26779288
30379952
30156266
10567506
10594958
23127631
23042272
25723081
26673217
26373447
27186348
6126441
19962587
5324813
19967789
34926393
26287783
26761204
4892342
34869975
24707368
34931509
30450590
4922850
26871465
30481964
33372229
34913607
26469816
4707225
25782827
30299387
5250341
22556810
2357397
10766178
27611715
6080748
34429008
30419744
4290915
30283308
27666671
4116937
26594007
26629328
26721322
26756259
6078953
6519585
33437294
34926653
30204413
30408645
6890343
26594009
26707077
30385354
26890440
25859593
30232732
30345265
34937913
30317275
27160688
4328442
6946777
26594010
26412618
4328444
3824500
20497559
25741577
26345159
26440017
10416189
26335560
27069377
33977979
25901395
2276989
6110563
11639159
30290872
30419673
5968450
34456060
24163542
33646317
5262027
25882279
26593732
21357362
4258485
26347316
27103195
25852314
34926525
5908527
26941790
25810920
26946692
27135550
4604914
30299292
26022027
3778238
19962579
22555690
26847920
10773447
24325927
27624665
27617284
26061902
26594004
4881604
25886500
26290389
26617033
26993148
4124917
26430114
20426973
26877504
25837230
4914627
26434823
30465870
19962668
3781133
30468769
27133179
4942779
26101065
10477734
10478207
30399864
26781768
26430663
6736369
5284554
19971593
26899251
24372055
5044741
26822683
25746423
22994771
26596158
33404035
26005517
21327518
25779207
21264290
25741108
34906654
10562402
26604675
24849708
27133264
6428132
26782714
30415108
10514806
30324775
27203619
30463515
5044650
5985921
34787799
10756744
26816373
34456038
26779279
26296026
27205168
26317346
25773294
26253586
6087768
26779337
25762270
4767569
10491655
3426848
26912427
6804364
34793524
10799213
26976345
26808505
26051798
26022319
34784798
34807467
30372290
11511025
30463626
33393264
27166488
25739362
26990713
34809304
5993155
30240344
27020560
21941106
27072615
25926732
30234426
30320057
34853055
34678997
26631323
24737161
26924108
26901272
10564052
5416009
27621546
34450648
26858157
21264285
30359378
26878103
26289125
25969095
30128971
33387145
27049044
34659905
30166920
34917649
33392790
25881067
26304162
26665272
6972876
26939209
30273082
20278801
30276392
6527291
26550734
25919911
26989213
10599639
30199575
25853055
30384234
6389532
6104783
22735426
27596834
24530628
26602368
26733499
30388339
10813800
5345423
26666947
30263962
25798808
25862407
6999256
24381046
10813805
6814958
25806958
26304161
26304164
26301744
4896295
33457546
5355168
5915794
27067697
26636130
26357994
30380049
6313287
25926734
20411172
26600240
6946773
25824853
30449240
25884865
7003297
20426975
27613011
24878198
30141676
26985179
30419841
27121269
34917648
34809305
6814999
6815052
26757075
4861395
19945722
27040921
5355180
5954347
5355170
5355173
5355174
26897547
30337147
27030526
30257991
25926731
27617286
30364902
26858158
11632599
25706778
27169438
10764042
26873029
26344993
26598601
26985916
30439624
27089150
34853404
33438471
26865690
26803231
30433278
26738318
30377785
30170910
34868359
30145224
30185523
34883011
26734686
30482829
32769017
34678624
26803826
30419843
25806970
6814992
26367888
26005643
6814932
26826435
5912979
6815028
26433965
30481893
2381879
5919563
27097910
27185404
26996478
5355176
26382797
30353507
30336318
30371772
26665828
27000904
25926729
25926730
6946772
11636413
5282464
30227725
26336256
26774001
27054033
26981579
26995881
26125842
26878827
26425435
26938246
26730276
30262110
30487742
27200821
30464563
30439537
27594846
30291567
26600280
30408074
26575058
26757830
30156087
6814933
30337172
5407087
6110557
26841073
26302549
34867940
25835486
5923483
6039190
4022126
20491427
25858762
34454770
27597020
26988003
30437755
26870057
30382512
25815604
6849069
5413785
27204932
34444225
4861420
30142649
26705706
26761308
26940029
34845733
26358025
22010958
26743534
4713984
30181439
25886441
27034867
26370966
32494059
26422724
33451118
25852270
30367746
25918626
21339648
26910800
24325767
5919324
26754880
30379825
26873573
30403230
27666591
30432371
27097810
27608427
34929847
27199781
27603670
27017262
26904207
30185446
30280002
34851317
21346477
26922993
10528996
6815036
11537964
26324750
19931352
25980398
25849619
10864754
30414283
27592569
4189811
25827732
24736504
5279977
19973416
26711679
7065123
27063331
25741345
27620588
26290381
25817617
30263969
26768462
27061554
34873363
6557019
33434919
21319204
10734527
26919752
27109950
27622779
26834059
30305574
26331608
27173314
30276456
26582799
10449536
25828563
26587411
27107604
26603758
26980266
21340764
3998369
25704408
30174662
24843196
30442461
5446249
26378587
27063305
3851822
6110569
20513060
30155226
26593958
26547005
26770773
25815841
30426150
26841337
26694681
26882395
24754062
26856350
26341315
30224724
25865689
26607965
26356172
26387741
26564632
22206742
34480683
30394824
33379620
7005155
30407554
5267375
26928809
26266924
30359379
26667083
26587449
34430098
30465824
10756728
11500880
25857301
26882309
27039022
27054612
26647080
26873097
26642228
26883093
33447759
30362471
27180887
27053277
30465958
34911984
34917819
34897025
30150657
30470190
26961116
30327505
34937902
34894587
34929768
34953804
25851736
10455631
30161282
27015983
25854832
6814947
30140594
26600403
6814948
6814934
27104330
26873275
26785020
26815182
19964002
28510273
25895211
5502692
24758366
26650065
26348784
3732536
26935281
27175974
27109174
26263844
26433977
4920557
4920555
34606671
34441267
6389522
25934087
26934937
5343383
6792683
26348959
10833850
24269094
26958442
27015984
26844905
33396232
26935308
10759790
4922802
30353480
10829449
26268610
5997856
27593939
10746136
11595220
25820625
26898994
26870580
26835282
26706820
27658396
27195070
26696182
26864092
11625733
30336030
5326560
26005668
26820458
33447654
26921002
25742254
25702580
10545947
6536267
20427364
30280011
33439913
34779698
26865327
27180936
26897495
30243330
26828215
26803717
30284870
30311865
30372397
6855849
26884512
25884877
20451334
21967905
25820627
26873292
30296766
26757794
26438800
26860477
5992886
27617283
26847189
26694683
30212351
27133167
34142992
26775743
27034702
30359380
30237515
33427690
30336031
27075012
33392879
33420820
26870262
33425666
34482589
26760601
30467175
27079337
30413146
27083621
27198151
33477276
30367482
34792430
26834242
30463356
30394015
30414441
30307233
27067932
33429909
33464196
27599401
32489718
34854938
30410976
30373259
34861202
34858082
26708204
34925315
34880291
6905207
26724840
5960613
26331830
26700741
26933248
25773293
20422192
25836177
30158957
11538069
10567087
25761527
6902345
27158354
26949174
26696184
26772860
6126047
4603376
26946404
26873166
32496729
24875455
27133038
34454653
27624667
26715383
26382842
26873820
27603707
30488635
24325876
19997979
25663134
27608425
25753243
26782692
10813354
24751834
27156899
27086948
30211728
27180883
30352313
24381850
26346888
34605265
26345722
25735752
25953613
25713540
26711052
30206417
21372183
26790117
30336034
7051307
26857684
10543682
30273144
26951588
26378144
34456181
6394372
30416876
25864171
26895979
26729855
26766405
26727293
26356584
5273309
4935004
24867840
10583840
26633265
25907205
26831256
4914628
25849009
27616256
26312967
10441578
4836210
25772420
6519564
23715310
25861612
6849056
19967835
6801423
10810270
11516686
10740288
25897286
5044744
10807880
11584383
26847086
26765405
33393262
19974873
4942761
21359495
26842695
5279627
6814714
24869489
4328463
26431412
24743048
4920554
4812761
24258766
26932964
30244759
19908369
20278174
26857617
10461347
20473369
26737483
30162995
5319823
27192294
23405822
26881323
30402752
10727042
27663759
32489726
27011762
33393403
30227727
30227538
27045204
33383777
26696187
27666544
26696189
30155436
26925719
26696188
30482777
26905555
30420033
33477275
30483696
27029405
27167074
30419845
34790300
34918713
34890451
26705592
26776081
34894688
26699190
34857308
33436118
26309928
34444312
30161386
30352927
26899400
33646319
34846498
33441893
26354138
25700847
33400490
26996824
34965128
11500290
26818317
6523906
30238932
4246120
4892076
7055665
26331703
10767851
25847406
26890963
25864159
5268675
26675586
5353077
20515282
1293172
1428581
1306505
1301198
1461403
1300894
1297880
1308038
1307690
1306506
1293391
1307970
1422283
1291876
1296240
1434269
1308070
1441863
1431690
1440283
2363847
26312940
25962038
4290491
26966673
26304938
26304931
6531252
6003216
26666171
26271925
26270545
27040787
26301560
25921846
30200435
26805216
26335476
26333146
25921904
25921902
25921899
25921896
25921895
5397530
5395245
26738120
26331890
26331882
26331874
25921888
25921885
25921883
2156998
1307596
26274239
25921871
25770351
21769344
26200705
27145144
26274249
25982451
25971081
25921870
25921865
10583866
5301391
1302848
1301146
25921860
25921859
25921857
25921856
25921854
5394458
26312945
26312943
26312937
26312927
26312919
25921852
27059107
26304939
6872220
5969312
26303559
34791965
30263849
26335479
25921920
25921918
25921917
25921916
25921908
25921907
25921906
25853714
25770451
20515284
25921903
25921901
25921900
25921898
25921897
25921893
25921892
25921891
11499720
10573364
5399957
26331878
26331875
26331873
25921884
25921880
25921879
25921876
25921875
25921872
25741677
26966819
26363184
26326463
26325511
25921868
24526802
21348810
20395254
6829592
5194232
34451848
33461900
26363185
26324975
26270559
25921864
10583875
34430046
30192016
26903771
26313644
26313633
26313632
26313630
26313622
26270556
26270546
25921855
25921853
25770272
24294879
3080204
26312938
25921850
34925651
30185527
10583874
4154640
30371741
30345318
30183822
26303565
26303564
26303358
26285761
20016025
26301557
26301551
34791937
34460348
34460346
26989677
34660404
27135418
19977143
19977099
26808584
26802945
26738905
30345324
30238094
26326465
22158186
6554845
33462445
34660405
33429585
30345325
6559016
5121584
34866896
34660402
33436106
30335624
26313629
30238090
27133774
27133773
26671351
26312914
26312910
1308243
30219551
30161242
26304932
6520250
6515094
33393224
26811865
26680401
26303557
30299283
27140016
26301558
1291546
1292213
1299398
1292365
1291875
1292287
1299643
1303173
1293323
1292704
1296436
1294963
1307014
1299365
1295469
1300108
2132220
1307856
1296253
1294007
1297517
1300265
1294671
1291851
1299624
1296218
1294011
1464526
1303485
1303436
1305978
1305182
1297924
1316511
1418076
1294693
1293237
1401962
1298874
1307812
1300678
1302455
1304826
1296266
1305363
1298397
1466273
1302874
1306130
1462243
1297036
2148619
1292900
1309235
1305655
1304609
1424552
1424551
1307026
1308384
1299644
1305034
1307729
1298207
1439400
1417999
1783537
1297607
1305720
1437847
1300436
2138300
1300019
1310167
1297514
1299441
1301922
1303509
1299158
1299616
1467748
1464633
1482698
1938923
1299085
1448751
1441017
1303588
1528848
1304534
1401481
2364059
1302384
2148618
2355418
1305366
1306830
1298467
1305166
1428301
1316499
1305143
1448700
1401282
1305543
2259312
1461148
1946291
1464535
1401268
1306206
1299396
1459620
1448743
1299494
1793781
1482688
1307198
1778678
1305367
1417847
3035306
1468080
25978277
1980790
1307321
1306970
1456053
2416382
1394495
5290705
1876889
2080809
1467759
1883286
26593953
1394801
1291855
1962939
1767355
1307918
1759548
2349387
1758581
1304253
3901443
1298564
26593951
1437842
2348507
1307823
1946870
1477395
1440954
2080578
1306868
1461179
1464171
26672579
2340961
2238333
25917784
4305852
3711678
1303206
3055350
10574515
3174621
10604191
10527198
25904359
5354507
1774590
30317924
4942515
4294316
4294262
3047962
1300653
4023441
2029769
1961847
1962895
3636331
1472242
26795017
6124037
4294264
25922014
26358493
27130577
4303756
26878882
10541057
26357160
1306281
6539434
4305813
26350980
1299230
2295801
6307279
3618658
3566553
10733586
3088429
2333814
3993489
3120920
3012853
2295835
2299601
1303506
3533706
1528918
3012774
2046967
3035324
3131776
3145154
26359142
26292725
4294265
26980007
30264001
30425449
26346820
1308408
26970727
34605175
4294277
10462938
4922794
3534007
3732180
4154667
1461448
4090658
2297137
2343735
2080579
3223668
2368637
3158719
3123928
2029784
1790008
2029786
10736404
1461153
1958698
1758584
1890938
2333787
5353582
4217240
3598382
2080240
1298490
3332466
1302626
4851886
3206356
2297112
4300637
3993327
2995817
6126462
3992542
1461066
3057379
1891222
2297042
3131866
3003090
1420278
1864221
4294232
1464954
1925880
4740707
1909041
3134885
4287526
1300559
2043796
1482466
2127114
2262157
3215544
3633818
11529834
1759912
3608983
3027082
3168805
1302708
4291756
3070707
1306992
2079524
3586469
2294295
2058763
1303329
1483545
3003449
3221752
1299129
1931852
1302853
1919223
5353609
3025264
3071288
3272744
3242973
4894083
3003199
4179068
3240862
4207041
3711787
1302801
1302405
3574572
1304714
1304222
3219413
2340956
2272256
6124033
3711862
4848095
2135548
2294276
6011830
1306060
1946290
6717557
2053678
4090747
3240527
1301333
2244600
6971279
4303691
1468488
4745892
2130017
3401408
4241974
3369186
1930737
2988860
6839136
3292817
5353605
3804390
2080561
1303500
2357301
2262135
4233619
4281584
2080529
4889463
1308423
10736398
2251923
3286430
3872380
1305818
4176588
3543671
1773366
3118936
3993415
1307283
3542388
24827043
4718311
2043795
6311996
2231108
26358503
3254207
3749944
1472770
10449532
2193282
1299473
3598262
4910171
25798821
1307734
1297749
3558797
3047986
25846041
4074255
6402161
3096132
2132906
6126461
4889795
3286431
1461989
3272957
3222902
3039818
1305932
3574558
3118099
4294259
26358549
26358501
3660887
4305809
6101727
2036564
4291742
24843667
3057446
6312212
3098684
1775676
6601412
4824989
3400765
25922864
21348185
1307802
1307558
26928839
1958186
26584993
4964501
1306169
1299142
5395277
6971286
3154696
1775278
4305835
5090980
5960614
1307654
1308270
1306093
1299181
1303200
3087542
1306157
4305913
4207037
5256335
3649508
2157290
3603749
4111407
3407774
1303348
2297037
3566556
3286433
26200216
10432943
4303732
6733275
6601420
1305522
5394467
4888325
4742390
1308073
1303986
6973350
3055451
2244613
4731058
10759903
5361576
4851909
5937970
4305808
2333792
4294261
2297113
2338308
4305888
3191254
1307298
1302497
1305807
1300744
26738159
6515630
1308334
1306014
26358500
4735153
4262218
5250596
27061564
6124032
6124031
3098714
1302957
5336884
25761567
1301327
4294251
4230964
4071511
1302076
26309500
6531259
4858763
4111339
3286435
6011813
3358507
10521650
3993308
1299094
4305819
4217225
1302025
26264464
4294268
2357324
4305901
3884767
6723781
2244597
1297897
4917909
3145122
1308064
4291753
25748355
23010190
5355158
6601399
6079716
3704147
7005197
5341834
1306294
25921933
2348510
5366546
6433899
3838193
25741455
2993093
24736545
6001027
4730950
4217229
3264384
3218637
6968182
5326518
3008831
6858730
21348183
4305897
3406829
2080460
7564935
4707217
4210610
3993329
2279791
6829651
1302894
1947273
25921926
11627115
5386990
4294241
4217488
4291750
1307008
6439437
26309206
3074643
26357835
20270446
2006170
4305850
3411585
6601417
2342376
1297964
1298475
6389498
4294235
6531260
3215591
6601401
6124035
26270522
25921932
1307803
4294256
11026736
4317335
3815923
26358550
24845530
2363877
3131846
4303738
25839754
25732068
5122046
20505050
26738161
11026737
1308088
6077963
7005186
4935012
4320230
26290135
26351666
1299022
25981518
4294270
25713409
1307520
4294245
6717562
26359145
25939020
6534062
28514550
26358494
4942512
25922002
6124039
26352140
3215598
26351664
25716578
4294295
1302986
26292724
10577730
2139716
4294254
6557003
2052181
6727309
4886299
4305911
26358586
4305904
24859533
26357169
6601396
4942767
4305878
26352132
25921979
4303747
26351019
4294300
4294294
33400664
4960300
27018190
26270521
25768253
26295695
25922003
25922001
4305890
25921985
4858502
26352414
25761532
21323311
32579510
26351028
24815933
4294291
26315245
25972489
24876474
10518936
1302792
26335483
11533213
6717563
1307574
4833530
4732908
26582663
4316878
3875027
4111338
25922000
6601385
5377136
4680385
26351668
25921964
26351018
3094365
3025664
4294278
26346470
25823832
6506187
3035319
26335484
25921922
11584063
27018191
26728623
4305910
2995185
25845913
1432671
26590966
25922004
25921984
6601403
3814097
26352133
20277956
26335488
2130019
4294336
26351014
26348158
20284908
26050513
22992665
26351836
26335482
6396717
25861607
26358587
25757174
2052377
19998199
11533281
4735175
26357840
6601386
24743129
30292774
25921986
19969981
26352415
4305893
2989673
26357836
26270523
25922007
4305891
34605083
26357164
25921988
25741546
6601404
4305881
4305845
34605092
25921983
25921975
25921974
25921972
25921970
25921969
26303375
25921967
25921963
25921962
10455632
6872271
4841217
4316868
26747850
26351013
25921968
25921956
3069018
3332464
26345700
25921941
25921937
25921934
26335487
25921924
5980099
30413137
27608266
5343597
5316796
4058909
34605170
30344909
26358595
25922891
4735167
4305905
4305903
3711686
3076680
34605176
26358498
25922023
25922022
25922015
6124040
34444990
34608249
26357834
25922013
25922011
25921998
25764421
10795765
34607946
34603494
34605168
34605098
30441148
26357159
25921987
34605100
34603492
34607493
26352139
25921978
25921977
25921976
24872196
1303596
1301265
26897036
26351665
26351017
26351016
26351015
26346553
25921953
25921949
25779163
5363063
1301250
1299242
30242065
26346469
25921944
25921943
25921942
25921931
25921929
25921928
25921925
7051264
6079530
1756071
27140090
26862909
26335481
34613479
34613478
30267257
27194952
27112427
26766183
26729918
26715384
26359150
26359149
26358706
6077965
4305907
34605131
34822084
34605132
34608344
34608343
34608340
34608336
34458900
26787128
26358598
26358580
26358579
25922890
22235221
4802884
4207082
3574575
3264877
34605171
34605126
34605926
34613697
34608309
27140993
26388554
26358499
26358495
26358492
25922029
25922027
25922026
25922025
25922024
25922021
25922019
25922018
25922017
25761603
1998138
34605136
34809116
6124034
34605145
34605089
34453771
34605097
34605173
34605928
34605174
34613700
34608248
34607960
34607959
34607958
34607957
34607956
34607955
34607954
34607953
34607952
34607951
27056601
26357839
26357838
26200218
25922012
25922009
25922006
6601387
34605102
34605088
34605080
34605096
34801547
34607447
34607449
34605091
34607451
34607450
34607448
34607446
34606902
34607074
34607427
34607409
34607494
34607492
34603493
34605087
34607496
34607490
34805856
34605125
34605099
34605095
33379531
27090723
26352416
25921973
25921971
4305833
27141047
27205189
26266578
25921980
25921960
6601418
33462388
26963111
25921959
25921958
25921957
25921955
25921954
25921951
25921947
25921946
25921945
4294281
34460344
26969660
26829791
26346471
25921940
25921930
25921927
1308284
34460352
34460351
34460350
33412091
26766800
26366487
25921921
34937655
27140961
26687603
26602919
26359148
26359147
26359144
34925184
33462444
26849651
26358582
26358581
10864746
6938915
5084827
2294294
33462439
30346092
26802942
26766118
26358497
11001906
27045494
6124036
26298917
26766124
26357841
6938913
3711692
33462440
34925693
27141046
27141045
27141030
27141008
27131826
26357162
26339450
25824516
33398578
26776169
26671341
26352130
6133409
33462441
34660407
6601416
5905765
1926388
30245494
26770484
26528007
26351011
33462442
34850057
30381211
30234508
27141100
26770473
26346472
26285169
26280523
5093966
34845662
34782966
34482655
26942629
33462443
